# OpenMX static SCF input auto-generated from HEA_FeCoNiCrMn_111_sqs.cif
# Formula : Co13Cr13Fe13Mn12Ni13
# Atoms   : 64   Species: 5
# Purpose : write Hamiltonian/overlap matrices (HS.fileout on).

System.CurrentDirectory     ./
System.Name                 HEA_FeCoNiCrMn_111_sqs
DATA.PATH                   ~/DFT_DATA19
level.of.stdout             1
level.of.fileout            1

Species.Number              5
<Definition.of.Atomic.Species
  Co  Co6.0H-s3p2d1    Co_PBE19H
  Cr  Cr6.0H-s3p2d1    Cr_PBE19H
  Fe  Fe6.0H-s3p2d1    Fe_PBE19H
  Mn  Mn6.0H-s3p2d1    Mn_PBE19H
  Ni  Ni6.0H-s3p2d1    Ni_PBE19H
Definition.of.Atomic.Species>

Atoms.Number                64
Atoms.SpeciesAndCoordinates.Unit   FRAC
<Atoms.SpeciesAndCoordinates
     1 Mn      0.000000000000     0.000000000000     0.352896281166   9.0000   6.0000
     2 Co      0.250000000000     0.000000000000     0.352896281166   9.5000   7.5000
     3 Mn      0.500000000000     0.000000000000     0.352896281166   9.0000   6.0000
     4 Ni      0.750000000000     0.000000000000     0.352896281166   9.5000   8.5000
     5 Cr      0.000000000000     0.250000000000     0.352896281166   7.5000   6.5000
     6 Cr      0.250000000000     0.250000000000     0.352896281166   7.5000   6.5000
     7 Fe      0.500000000000     0.250000000000     0.352896281166   9.5000   6.5000
     8 Co      0.750000000000     0.250000000000     0.352896281166   9.5000   7.5000
     9 Co      0.000000000000     0.500000000000     0.352896281166   9.5000   7.5000
    10 Co      0.250000000000     0.500000000000     0.352896281166   9.5000   7.5000
    11 Cr      0.500000000000     0.500000000000     0.352896281166   7.5000   6.5000
    12 Mn      0.750000000000     0.500000000000     0.352896281166   9.0000   6.0000
    13 Cr      1.000000000000     0.750000000000     0.352896281166   7.5000   6.5000
    14 Mn      0.250000000000     0.750000000000     0.352896281166   9.0000   6.0000
    15 Fe      0.500000000000     0.750000000000     0.352896281166   9.5000   6.5000
    16 Fe      0.750000000000     0.750000000000     0.352896281166   9.5000   6.5000
    17 Cr      0.083333333333     0.083333333333     0.450965427055   7.5000   6.5000
    18 Mn      0.333333333333     0.083333333333     0.450965427055   9.0000   6.0000
    19 Cr      0.583333333333     0.083333333333     0.450965427055   7.5000   6.5000
    20 Fe      0.833333333333     0.083333333333     0.450965427055   9.5000   6.5000
    21 Ni      0.083333333333     0.333333333333     0.450965427055   9.5000   8.5000
    22 Co      0.333333333333     0.333333333333     0.450965427055   9.5000   7.5000
    23 Cr      0.583333333333     0.333333333333     0.450965427055   7.5000   6.5000
    24 Mn      0.833333333333     0.333333333333     0.450965427055   9.0000   6.0000
    25 Co      0.083333333333     0.583333333333     0.450965427055   9.5000   7.5000
    26 Cr      0.333333333333     0.583333333333     0.450965427055   7.5000   6.5000
    27 Co      0.583333333333     0.583333333333     0.450965427055   9.5000   7.5000
    28 Ni      0.833333333333     0.583333333333     0.450965427055   9.5000   8.5000
    29 Fe      0.083333333333     0.833333333333     0.450965427055   9.5000   6.5000
    30 Co      0.333333333333     0.833333333333     0.450965427055   9.5000   7.5000
    31 Fe      0.583333333333     0.833333333333     0.450965427055   9.5000   6.5000
    32 Ni      0.833333333333     0.833333333333     0.450965427055   9.5000   8.5000
    33 Cr      0.916666666667     0.166666666667     0.549034572945   7.5000   6.5000
    34 Fe      0.166666666667     0.166666666667     0.549034572945   9.5000   6.5000
    35 Ni      0.416666666667     0.166666666667     0.549034572945   9.5000   8.5000
    36 Fe      0.666666666667     0.166666666667     0.549034572945   9.5000   6.5000
    37 Ni      0.916666666667     0.416666666667     0.549034572945   9.5000   8.5000
    38 Co      0.166666666667     0.416666666667     0.549034572945   9.5000   7.5000
    39 Mn      0.416666666667     0.416666666667     0.549034572945   9.0000   6.0000
    40 Ni      0.666666666667     0.416666666667     0.549034572945   9.5000   8.5000
    41 Mn      0.916666666667     0.666666666667     0.549034572945   9.0000   6.0000
    42 Cr      0.166666666667     0.666666666667     0.549034572945   7.5000   6.5000
    43 Fe      0.416666666667     0.666666666667     0.549034572945   9.5000   6.5000
    44 Mn      0.666666666667     0.666666666667     0.549034572945   9.0000   6.0000
    45 Mn      0.916666666667     0.916666666667     0.549034572945   9.0000   6.0000
    46 Co      0.166666666667     0.916666666667     0.549034572945   9.5000   7.5000
    47 Co      0.416666666667     0.916666666667     0.549034572945   9.5000   7.5000
    48 Ni      0.666666666667     0.916666666667     0.549034572945   9.5000   8.5000
    49 Ni      0.000000000000     0.000000000000     0.647103718834   9.5000   8.5000
    50 Ni      0.250000000000     0.000000000000     0.647103718834   9.5000   8.5000
    51 Co      0.500000000000     0.000000000000     0.647103718834   9.5000   7.5000
    52 Cr      0.750000000000     0.000000000000     0.647103718834   7.5000   6.5000
    53 Fe      0.000000000000     0.250000000000     0.647103718834   9.5000   6.5000
    54 Mn      0.250000000000     0.250000000000     0.647103718834   9.0000   6.0000
    55 Fe      0.500000000000     0.250000000000     0.647103718834   9.5000   6.5000
    56 Ni      0.750000000000     0.250000000000     0.647103718834   9.5000   8.5000
    57 Fe      0.000000000000     0.500000000000     0.647103718834   9.5000   6.5000
    58 Cr      0.250000000000     0.500000000000     0.647103718834   7.5000   6.5000
    59 Co      0.500000000000     0.500000000000     0.647103718834   9.5000   7.5000
    60 Cr      0.750000000000     0.500000000000     0.647103718834   7.5000   6.5000
    61 Ni      1.000000000000     0.750000000000     0.647103718834   9.5000   8.5000
    62 Ni      0.250000000000     0.750000000000     0.647103718834   9.5000   8.5000
    63 Mn      0.500000000000     0.750000000000     0.647103718834   9.0000   6.0000
    64 Fe      0.750000000000     0.750000000000     0.647103718834   9.5000   6.5000
Atoms.SpeciesAndCoordinates>

Atoms.UnitVectors.Unit      Ang
<Atoms.UnitVectors
     10.210621920334     0.000000000000     0.000000000000
      5.105310960167     8.842657971447     0.000000000000
      0.000000000000     0.000000000000    21.252703415324
Atoms.UnitVectors>

scf.XcType                  GGA-PBE
scf.SpinPolarization        on
scf.ElectronicTemperature   300.0
scf.energycutoff            300.0
scf.maxIter                 200
scf.EigenvalueSolver        Band
scf.Kgrid                   3 3 1
scf.Mixing.Type             rmm-diisk
scf.Init.Mixing.Weight      0.30
scf.Min.Mixing.Weight       0.001
scf.Max.Mixing.Weight       0.400
scf.Mixing.History          7
scf.Mixing.StartPulay       6
scf.criterion               1e-06

MD.Type                     Nomd
MD.maxIter                  1

HS.fileout                  on

